------TABLE------
0	|	91
1	|	12
2	|	0
3	|	36
4	|	0
5	|	71
6	|	83
7	|	73
8	|	38
9	|	86
10	|	98
Average access = 1.2222

------TABLE------
0	|	0
1	|	23
2	|	0
3	|	26
4	|	37
5	|	15
6	|	16
7	|	18
8	|	30
9	|	19
10	|	76
Average access = 1.8889

------TABLE------
0	|	0
1	|	0
2	|	68
3	|	64
4	|	48
5	|	4
6	|	5
7	|	84
8	|	26
9	|	59
10	|	0
Average access = 1.6667

------TABLE------
0	|	44
1	|	11
2	|	35
3	|	0
4	|	48
5	|	15
6	|	39
7	|	0
8	|	52
9	|	97
10	|	8
Average access = 1.4444

------TABLE------
0	|	99
1	|	100
2	|	31
3	|	80
4	|	37
5	|	16
6	|	83
7	|	0
8	|	0
9	|	53
10	|	60
Average access = 1.3333

------TABLE------
0	|	99
1	|	11
2	|	57
3	|	0
4	|	75
5	|	0
6	|	39
7	|	0
8	|	0
9	|	31
10	|	9
Average access = 1.4444

------TABLE------
0	|	91
1	|	67
2	|	0
3	|	69
4	|	92
5	|	96
6	|	28
7	|	0
8	|	19
9	|	20
10	|	65
Average access = 1.2222

------TABLE------
0	|	97
1	|	89
2	|	79
3	|	64
4	|	26
5	|	93
6	|	6
7	|	17
8	|	0
9	|	42
10	|	0
Average access = 1.5556

------TABLE------
0	|	76
1	|	45
2	|	13
3	|	0
4	|	59
5	|	38
6	|	0
7	|	7
8	|	18
9	|	65
10	|	90
Average access = 1.6667

------TABLE------
0	|	88
1	|	45
2	|	49
3	|	14
4	|	78
5	|	38
6	|	71
7	|	0
8	|	96
9	|	31
10	|	0
Average access = 1.6667

------TABLE------
0	|	0
1	|	32
2	|	0
3	|	0
4	|	70
5	|	82
6	|	61
7	|	0
8	|	0
9	|	53
10	|	98
Average access = 1.1111

------TABLE------
0	|	91
1	|	82
2	|	67
3	|	36
4	|	0
5	|	49
6	|	61
7	|	84
8	|	8
9	|	9
10	|	0
Average access = 1.4444

------TABLE------
0	|	31
1	|	0
2	|	24
3	|	80
4	|	65
5	|	71
6	|	94
7	|	40
8	|	0
9	|	42
10	|	98
Average access = 1.2222

------TABLE------
0	|	22
1	|	28
2	|	2
3	|	47
4	|	92
5	|	55
6	|	24
7	|	0
8	|	41
9	|	0
10	|	21
Average access = 1.6667

------TABLE------
0	|	55
1	|	21
2	|	57
3	|	32
4	|	48
5	|	0
6	|	94
7	|	0
8	|	68
9	|	59
10	|	65
Average access = 1.6667

------TABLE------
0	|	0
1	|	34
2	|	93
3	|	0
4	|	48
5	|	76
6	|	56
7	|	62
8	|	41
9	|	86
10	|	87
Average access = 1.3333

------TABLE------
0	|	99
1	|	67
2	|	0
3	|	80
4	|	98
5	|	4
6	|	56
7	|	95
8	|	18
9	|	0
10	|	32
Average access = 1.5556

------TABLE------
0	|	0
1	|	78
2	|	46
3	|	80
4	|	81
5	|	23
6	|	50
7	|	0
8	|	28
9	|	65
10	|	100
Average access = 1.6667

------TABLE------
0	|	41
1	|	1
2	|	35
3	|	0
4	|	0
5	|	38
6	|	6
7	|	40
8	|	96
9	|	39
10	|	50
Average access = 1.3333

------TABLE------
0	|	66
1	|	89
2	|	35
3	|	74
4	|	37
5	|	0
6	|	0
7	|	62
8	|	48
9	|	99
10	|	54
Average access = 1.3333

------TABLE------
0	|	33
1	|	1
2	|	0
3	|	0
4	|	48
5	|	75
6	|	72
7	|	98
8	|	26
9	|	20
10	|	76
Average access = 1.6667

------TABLE------
0	|	66
1	|	0
2	|	2
3	|	0
4	|	4
5	|	0
6	|	17
7	|	18
8	|	8
9	|	0
10	|	28
Average access = 1.2222

------TABLE------
0	|	66
1	|	52
2	|	57
3	|	0
4	|	70
5	|	16
6	|	0
7	|	40
8	|	30
9	|	0
10	|	65
Average access = 1.1111

------TABLE------
0	|	31
1	|	0
2	|	0
3	|	3
4	|	26
5	|	25
6	|	36
7	|	40
8	|	52
9	|	64
10	|	10
Average access = 1.3333

------TABLE------
0	|	91
1	|	44
2	|	0
3	|	80
4	|	15
5	|	38
6	|	26
7	|	0
8	|	74
9	|	31
10	|	70
Average access = 1.6667

------TABLE------
0	|	94
1	|	0
2	|	83
3	|	80
4	|	92
5	|	0
6	|	50
7	|	0
8	|	64
9	|	97
10	|	87
Average access = 1.5556

------TABLE------
0	|	44
1	|	0
2	|	90
3	|	0
4	|	81
5	|	0
6	|	17
7	|	29
8	|	88
9	|	97
10	|	10
Average access = 1.1111

------TABLE------
0	|	29
1	|	0
2	|	57
3	|	94
4	|	81
5	|	0
6	|	83
7	|	73
8	|	0
9	|	53
10	|	87
Average access = 1.3333

------TABLE------
0	|	75
1	|	0
2	|	79
3	|	3
4	|	15
5	|	27
6	|	83
7	|	0
8	|	59
9	|	64
10	|	43
Average access = 1.7778

------TABLE------
0	|	55
1	|	23
2	|	68
3	|	13
4	|	59
5	|	25
6	|	36
7	|	0
8	|	30
9	|	0
10	|	0
Average access = 1.4444

------TABLE------
0	|	33
1	|	0
2	|	0
3	|	3
4	|	0
5	|	27
6	|	36
7	|	73
8	|	0
9	|	64
10	|	76
Average access = 1.1111

------TABLE------
0	|	33
1	|	0
2	|	24
3	|	36
4	|	81
5	|	55
6	|	26
7	|	40
8	|	30
9	|	0
10	|	76
Average access = 1.2222

------TABLE------
0	|	77
1	|	56
2	|	35
3	|	68
4	|	95
5	|	0
6	|	6
7	|	62
8	|	41
9	|	0
10	|	70
Average access = 1.4444

------TABLE------
0	|	85
1	|	78
2	|	0
3	|	84
4	|	26
5	|	0
6	|	6
7	|	95
8	|	8
9	|	9
10	|	32
Average access = 1.3333

------TABLE------
0	|	77
1	|	0
2	|	0
3	|	33
4	|	92
5	|	0
6	|	6
7	|	29
8	|	74
9	|	19
10	|	65
Average access = 1.2222

------TABLE------
0	|	44
1	|	0
2	|	0
3	|	47
4	|	48
5	|	49
6	|	66
7	|	95
8	|	18
9	|	42
10	|	87
Average access = 1.2222

------TABLE------
0	|	66
1	|	89
2	|	73
3	|	0
4	|	95
5	|	16
6	|	97
7	|	40
8	|	52
9	|	86
10	|	0
Average access = 1.3333

------TABLE------
0	|	0
1	|	1
2	|	40
3	|	80
4	|	0
5	|	0
6	|	62
7	|	18
8	|	58
9	|	8
10	|	87
Average access = 1.6667

------TABLE------
0	|	22
1	|	78
2	|	2
3	|	80
4	|	0
5	|	82
6	|	83
7	|	7
8	|	0
9	|	97
10	|	50
Average access = 1.1111

------TABLE------
0	|	44
1	|	1
2	|	0
3	|	25
4	|	70
5	|	45
6	|	26
7	|	0
8	|	63
9	|	99
10	|	9
Average access = 1.4444

------TABLE------
0	|	0
1	|	89
2	|	0
3	|	0
4	|	70
5	|	16
6	|	83
7	|	62
8	|	96
9	|	20
10	|	18
Average access = 1.3333

------TABLE------
0	|	0
1	|	56
2	|	79
3	|	91
4	|	98
5	|	60
6	|	0
7	|	67
8	|	52
9	|	0
10	|	54
Average access = 1.3333

------TABLE------
0	|	41
1	|	67
2	|	13
3	|	80
4	|	0
5	|	55
6	|	66
7	|	0
8	|	74
9	|	49
10	|	50
Average access = 1.5556

------TABLE------
0	|	0
1	|	34
2	|	57
3	|	94
4	|	37
5	|	0
6	|	50
7	|	67
8	|	52
9	|	9
10	|	0
Average access = 1.3333

------TABLE------
0	|	0
1	|	100
2	|	0
3	|	25
4	|	48
5	|	52
6	|	17
7	|	37
8	|	28
9	|	0
10	|	76
Average access = 1.4444

------TABLE------
0	|	81
1	|	0
2	|	13
3	|	0
4	|	70
5	|	93
6	|	28
7	|	51
8	|	96
9	|	75
10	|	0
Average access = 1.1111

------TABLE------
0	|	0
1	|	23
2	|	0
3	|	14
4	|	92
5	|	25
6	|	39
7	|	62
8	|	30
9	|	45
10	|	40
Average access = 1.4444

------TABLE------
0	|	81
1	|	92
2	|	0
3	|	69
4	|	14
5	|	0
6	|	80
7	|	29
8	|	0
9	|	20
10	|	98
Average access = 1.5556

------TABLE------
0	|	22
1	|	52
2	|	46
3	|	25
4	|	70
5	|	35
6	|	56
7	|	0
8	|	74
9	|	42
10	|	0
Average access = 1.3333

------TABLE------
0	|	0
1	|	12
2	|	2
3	|	69
4	|	15
5	|	4
6	|	72
7	|	18
8	|	0
9	|	97
10	|	98
Average access = 1.1111

------TABLE------
0	|	21
1	|	12
2	|	79
3	|	74
4	|	98
5	|	0
6	|	0
7	|	18
8	|	8
9	|	86
10	|	20
Average access = 1.5556

------TABLE------
0	|	33
1	|	45
2	|	35
3	|	13
4	|	70
5	|	82
6	|	39
7	|	51
8	|	0
9	|	0
10	|	100
Average access = 1.2222

------TABLE------
0	|	88
1	|	78
2	|	35
3	|	11
4	|	4
5	|	16
6	|	50
7	|	27
8	|	63
9	|	0
10	|	0
Average access = 1.4444

------TABLE------
0	|	88
1	|	11
2	|	24
3	|	14
4	|	92
5	|	60
6	|	0
7	|	58
8	|	96
9	|	0
10	|	65
Average access = 1.4444

------TABLE------
0	|	0
1	|	100
2	|	68
3	|	65
4	|	37
5	|	93
6	|	0
7	|	29
8	|	82
9	|	86
10	|	9
Average access = 1.6667

------TABLE------
0	|	88
1	|	0
2	|	93
3	|	33
4	|	92
5	|	49
6	|	0
7	|	37
8	|	0
9	|	97
10	|	32
Average access = 1.3333

------TABLE------
0	|	55
1	|	1
2	|	13
3	|	0
4	|	70
5	|	0
6	|	56
7	|	37
8	|	52
9	|	86
10	|	76
Average access = 1.2222

------TABLE------
0	|	44
1	|	89
2	|	0
3	|	23
4	|	37
5	|	15
6	|	0
7	|	47
8	|	96
9	|	65
10	|	21
Average access = 1.5556

------TABLE------
0	|	0
1	|	1
2	|	0
3	|	69
4	|	48
5	|	0
6	|	0
7	|	51
8	|	0
9	|	31
10	|	43
Average access = 1.0000

------TABLE------
0	|	11
1	|	72
2	|	83
3	|	0
4	|	0
5	|	60
6	|	61
7	|	29
8	|	19
9	|	75
10	|	43
Average access = 1.2222

------TABLE------
0	|	0
1	|	56
2	|	12
3	|	36
4	|	59
5	|	76
6	|	26
7	|	47
8	|	0
9	|	97
10	|	54
Average access = 1.4444

------TABLE------
0	|	0
1	|	89
2	|	2
3	|	30
4	|	4
5	|	5
6	|	0
7	|	7
8	|	63
9	|	59
10	|	65
Average access = 1.4444

------TABLE------
0	|	41
1	|	89
2	|	79
3	|	13
4	|	42
5	|	27
6	|	0
7	|	25
8	|	19
9	|	53
10	|	0
Average access = 1.6667

------TABLE------
0	|	81
1	|	82
2	|	93
3	|	91
4	|	92
5	|	27
6	|	0
7	|	62
8	|	0
9	|	53
10	|	100
Average access = 1.4444

------TABLE------
0	|	0
1	|	92
2	|	93
3	|	25
4	|	26
5	|	86
6	|	39
7	|	0
8	|	8
9	|	64
10	|	43
Average access = 1.3333

------TABLE------
0	|	61
1	|	72
2	|	93
3	|	41
4	|	81
5	|	16
6	|	39
7	|	0
8	|	96
9	|	79
10	|	0
Average access = 1.6667

------TABLE------
0	|	21
1	|	89
2	|	67
3	|	91
4	|	0
5	|	5
6	|	94
7	|	77
8	|	0
9	|	31
10	|	43
Average access = 1.4444

------TABLE------
0	|	88
1	|	52
2	|	0
3	|	91
4	|	0
5	|	49
6	|	94
7	|	18
8	|	30
9	|	0
10	|	54
Average access = 1.1111

------TABLE------
0	|	29
1	|	23
2	|	0
3	|	25
4	|	95
5	|	38
6	|	0
7	|	34
8	|	48
9	|	74
10	|	54
Average access = 1.8889

------TABLE------
0	|	55
1	|	34
2	|	57
3	|	0
4	|	0
5	|	96
6	|	17
7	|	84
8	|	28
9	|	83
10	|	76
Average access = 1.4444

------TABLE------
0	|	22
1	|	56
2	|	13
3	|	0
4	|	26
5	|	82
6	|	16
7	|	4
8	|	30
9	|	99
10	|	0
Average access = 1.5556

------TABLE------
0	|	33
1	|	1
2	|	0
3	|	80
4	|	4
5	|	0
6	|	61
7	|	47
8	|	58
9	|	42
10	|	0
Average access = 1.2222

------TABLE------
0	|	0
1	|	89
2	|	79
3	|	58
4	|	59
5	|	0
6	|	0
7	|	51
8	|	63
9	|	64
10	|	65
Average access = 1.0000

------TABLE------
0	|	81
1	|	23
2	|	63
3	|	0
4	|	48
5	|	38
6	|	39
7	|	7
8	|	96
9	|	0
10	|	40
Average access = 1.3333

------TABLE------
0	|	0
1	|	23
2	|	63
3	|	64
4	|	26
5	|	5
6	|	50
7	|	18
8	|	78
9	|	20
10	|	0
Average access = 1.3333

------TABLE------
0	|	29
1	|	34
2	|	0
3	|	36
4	|	92
5	|	14
6	|	97
7	|	18
8	|	8
9	|	69
10	|	0
Average access = 1.6667

------TABLE------
0	|	0
1	|	89
2	|	0
3	|	47
4	|	37
5	|	52
6	|	56
7	|	62
8	|	85
9	|	9
10	|	19
Average access = 1.5556

------TABLE------
0	|	11
1	|	89
2	|	73
3	|	58
4	|	48
5	|	0
6	|	0
7	|	18
8	|	96
9	|	69
10	|	65
Average access = 1.2222

------TABLE------
0	|	66
1	|	89
2	|	2
3	|	3
4	|	0
5	|	35
6	|	83
7	|	95
8	|	85
9	|	0
10	|	46
Average access = 1.3333

------TABLE------
0	|	44
1	|	62
2	|	57
3	|	91
4	|	85
5	|	25
6	|	0
7	|	29
8	|	30
9	|	42
10	|	0
Average access = 1.3333

------TABLE------
0	|	0
1	|	100
2	|	53
3	|	14
4	|	0
5	|	0
6	|	50
7	|	17
8	|	28
9	|	39
10	|	10
Average access = 1.4444

------TABLE------
0	|	41
1	|	1
2	|	90
3	|	74
4	|	0
5	|	0
6	|	94
7	|	29
8	|	8
9	|	0
10	|	54
Average access = 1.3333

------TABLE------
0	|	22
1	|	66
2	|	31
3	|	91
4	|	37
5	|	0
6	|	61
7	|	29
8	|	51
9	|	97
10	|	0
Average access = 1.7778

------TABLE------
0	|	22
1	|	100
2	|	2
3	|	59
4	|	70
5	|	5
6	|	15
7	|	0
8	|	0
9	|	9
10	|	54
Average access = 1.4444

------TABLE------
0	|	71
1	|	66
2	|	0
3	|	0
4	|	81
5	|	93
6	|	6
7	|	0
8	|	30
9	|	31
10	|	0
Average access = 1.3333

------TABLE------
0	|	22
1	|	0
2	|	0
3	|	58
4	|	75
5	|	38
6	|	72
7	|	0
8	|	48
9	|	20
10	|	60
Average access = 1.3333

------TABLE------
0	|	99
1	|	0
2	|	68
3	|	0
4	|	48
5	|	71
6	|	6
7	|	95
8	|	96
9	|	0
10	|	0
Average access = 1.0000

------TABLE------
0	|	22
1	|	67
2	|	0
3	|	23
4	|	85
5	|	82
6	|	4
7	|	0
8	|	41
9	|	0
10	|	98
Average access = 1.4444

------TABLE------
0	|	41
1	|	0
2	|	90
3	|	91
4	|	24
5	|	3
6	|	46
7	|	7
8	|	19
9	|	0
10	|	98
Average access = 1.5556

------TABLE------
0	|	31
1	|	0
2	|	93
3	|	36
4	|	37
5	|	55
6	|	53
7	|	27
8	|	0
9	|	75
10	|	54
Average access = 1.6667

------TABLE------
0	|	0
1	|	45
2	|	57
3	|	58
4	|	59
5	|	0
6	|	50
7	|	0
8	|	68
9	|	39
10	|	87
Average access = 1.2222

------TABLE------
0	|	0
1	|	30
2	|	24
3	|	64
4	|	75
5	|	0
6	|	50
7	|	90
8	|	74
9	|	97
10	|	98
Average access = 1.6667

------TABLE------
0	|	88
1	|	32
2	|	63
3	|	0
4	|	59
5	|	0
6	|	94
7	|	0
8	|	52
9	|	99
10	|	50
Average access = 1.4444

------TABLE------
0	|	88
1	|	0
2	|	79
3	|	54
4	|	0
5	|	0
6	|	83
7	|	77
8	|	63
9	|	0
10	|	43
Average access = 1.2222

------TABLE------
0	|	77
1	|	72
2	|	79
3	|	84
4	|	34
5	|	0
6	|	50
7	|	73
8	|	52
9	|	64
10	|	0
Average access = 1.3333

------TABLE------
0	|	56
1	|	23
2	|	0
3	|	3
4	|	81
5	|	45
6	|	97
7	|	47
8	|	52
9	|	69
10	|	0
Average access = 1.6667

------TABLE------
0	|	0
1	|	56
2	|	53
3	|	3
4	|	0
5	|	82
6	|	50
7	|	67
8	|	41
9	|	86
10	|	90
Average access = 1.3333

------TABLE------
0	|	55
1	|	52
2	|	79
3	|	13
4	|	0
5	|	38
6	|	50
7	|	73
8	|	19
9	|	97
10	|	0
Average access = 1.2222

------TABLE------
0	|	0
1	|	45
2	|	13
3	|	0
4	|	85
5	|	60
6	|	28
7	|	72
8	|	96
9	|	9
10	|	87
Average access = 1.3333

------TABLE------
0	|	99
1	|	78
2	|	10
3	|	0
4	|	92
5	|	16
6	|	87
7	|	84
8	|	0
9	|	29
10	|	76
Average access = 1.5556

Total average = 12.6700
