------TABLE------
0	|	0
1	|	71
2	|	0
3	|	0
4	|	0
5	|	0
6	|	0
7	|	0
8	|	0
9	|	0
10	|	0
Average access = 1.1111

------TABLE------
0	|	0
1	|	16
2	|	0
3	|	0
4	|	0
5	|	0
6	|	0
7	|	0
8	|	0
9	|	0
10	|	0
Average access = 1.1111

------TABLE------
0	|	0
1	|	64
2	|	0
3	|	0
4	|	0
5	|	0
6	|	0
7	|	0
8	|	0
9	|	0
10	|	0
Average access = 1.0000

------TABLE------
0	|	0
1	|	52
2	|	0
3	|	0
4	|	0
5	|	0
6	|	0
7	|	0
8	|	0
9	|	0
10	|	0
Average access = 1.0000

------TABLE------
0	|	0
1	|	83
2	|	0
3	|	0
4	|	0
5	|	0
6	|	0
7	|	0
8	|	0
9	|	0
10	|	0
Average access = 1.1111

------TABLE------
0	|	0
1	|	57
2	|	0
3	|	0
4	|	0
5	|	0
6	|	0
7	|	0
8	|	0
9	|	0
10	|	0
Average access = 1.0000

------TABLE------
0	|	0
1	|	92
2	|	0
3	|	0
4	|	0
5	|	0
6	|	0
7	|	0
8	|	0
9	|	0
10	|	0
Average access = 1.1111

------TABLE------
0	|	0
1	|	93
2	|	0
3	|	0
4	|	0
5	|	0
6	|	0
7	|	0
8	|	0
9	|	0
10	|	0
Average access = 1.1111

------TABLE------
0	|	0
1	|	18
2	|	0
3	|	0
4	|	0
5	|	0
6	|	0
7	|	0
8	|	0
9	|	0
10	|	0
Average access = 1.1111

------TABLE------
0	|	0
1	|	45
2	|	0
3	|	0
4	|	0
5	|	0
6	|	0
7	|	0
8	|	0
9	|	0
10	|	0
Average access = 1.1111

------TABLE------
0	|	0
1	|	61
2	|	0
3	|	0
4	|	0
5	|	0
6	|	0
7	|	0
8	|	0
9	|	0
10	|	0
Average access = 1.0000

------TABLE------
0	|	0
1	|	91
2	|	0
3	|	0
4	|	0
5	|	0
6	|	0
7	|	0
8	|	0
9	|	0
10	|	0
Average access = 1.1111

------TABLE------
0	|	0
1	|	24
2	|	0
3	|	0
4	|	0
5	|	0
6	|	0
7	|	0
8	|	0
9	|	0
10	|	0
Average access = 1.0000

------TABLE------
0	|	0
1	|	28
2	|	0
3	|	0
4	|	0
5	|	0
6	|	0
7	|	0
8	|	0
9	|	0
10	|	0
Average access = 1.0000

------TABLE------
0	|	0
1	|	32
2	|	0
3	|	0
4	|	0
5	|	0
6	|	0
7	|	0
8	|	0
9	|	0
10	|	0
Average access = 1.0000

------TABLE------
0	|	0
1	|	93
2	|	0
3	|	0
4	|	0
5	|	0
6	|	0
7	|	0
8	|	0
9	|	0
10	|	0
Average access = 1.2222

------TABLE------
0	|	0
1	|	4
2	|	0
3	|	0
4	|	0
5	|	0
6	|	0
7	|	0
8	|	0
9	|	0
10	|	0
Average access = 1.2222

------TABLE------
0	|	0
1	|	23
2	|	0
3	|	0
4	|	0
5	|	0
6	|	0
7	|	0
8	|	0
9	|	0
10	|	0
Average access = 1.2222

------TABLE------
0	|	0
1	|	1
2	|	0
3	|	0
4	|	0
5	|	0
6	|	0
7	|	0
8	|	0
9	|	0
10	|	0
Average access = 1.0000

------TABLE------
0	|	0
1	|	74
2	|	0
3	|	0
4	|	0
5	|	0
6	|	0
7	|	0
8	|	0
9	|	0
10	|	0
Average access = 1.1111

------TABLE------
0	|	0
1	|	76
2	|	0
3	|	0
4	|	0
5	|	0
6	|	0
7	|	0
8	|	0
9	|	0
10	|	0
Average access = 1.1111

------TABLE------
0	|	0
1	|	8
2	|	0
3	|	0
4	|	0
5	|	0
6	|	0
7	|	0
8	|	0
9	|	0
10	|	0
Average access = 1.0000

------TABLE------
0	|	0
1	|	52
2	|	0
3	|	0
4	|	0
5	|	0
6	|	0
7	|	0
8	|	0
9	|	0
10	|	0
Average access = 1.0000

------TABLE------
0	|	0
1	|	31
2	|	0
3	|	0
4	|	0
5	|	0
6	|	0
7	|	0
8	|	0
9	|	0
10	|	0
Average access = 1.0000

------TABLE------
0	|	0
1	|	31
2	|	0
3	|	0
4	|	0
5	|	0
6	|	0
7	|	0
8	|	0
9	|	0
10	|	0
Average access = 1.0000

------TABLE------
0	|	0
1	|	80
2	|	0
3	|	0
4	|	0
5	|	0
6	|	0
7	|	0
8	|	0
9	|	0
10	|	0
Average access = 1.0000

------TABLE------
0	|	0
1	|	44
2	|	0
3	|	0
4	|	0
5	|	0
6	|	0
7	|	0
8	|	0
9	|	0
10	|	0
Average access = 1.0000

------TABLE------
0	|	0
1	|	29
2	|	0
3	|	0
4	|	0
5	|	0
6	|	0
7	|	0
8	|	0
9	|	0
10	|	0
Average access = 1.0000

------TABLE------
0	|	0
1	|	75
2	|	0
3	|	0
4	|	0
5	|	0
6	|	0
7	|	0
8	|	0
9	|	0
10	|	0
Average access = 1.0000

------TABLE------
0	|	0
1	|	36
2	|	0
3	|	0
4	|	0
5	|	0
6	|	0
7	|	0
8	|	0
9	|	0
10	|	0
Average access = 1.1111

------TABLE------
0	|	0
1	|	76
2	|	0
3	|	0
4	|	0
5	|	0
6	|	0
7	|	0
8	|	0
9	|	0
10	|	0
Average access = 1.0000

------TABLE------
0	|	0
1	|	55
2	|	0
3	|	0
4	|	0
5	|	0
6	|	0
7	|	0
8	|	0
9	|	0
10	|	0
Average access = 1.0000

------TABLE------
0	|	0
1	|	6
2	|	0
3	|	0
4	|	0
5	|	0
6	|	0
7	|	0
8	|	0
9	|	0
10	|	0
Average access = 1.1111

------TABLE------
0	|	0
1	|	95
2	|	0
3	|	0
4	|	0
5	|	0
6	|	0
7	|	0
8	|	0
9	|	0
10	|	0
Average access = 1.1111

------TABLE------
0	|	0
1	|	29
2	|	0
3	|	0
4	|	0
5	|	0
6	|	0
7	|	0
8	|	0
9	|	0
10	|	0
Average access = 1.0000

------TABLE------
0	|	0
1	|	95
2	|	0
3	|	0
4	|	0
5	|	0
6	|	0
7	|	0
8	|	0
9	|	0
10	|	0
Average access = 1.0000

------TABLE------
0	|	0
1	|	86
2	|	0
3	|	0
4	|	0
5	|	0
6	|	0
7	|	0
8	|	0
9	|	0
10	|	0
Average access = 1.1111

------TABLE------
0	|	0
1	|	18
2	|	0
3	|	0
4	|	0
5	|	0
6	|	0
7	|	0
8	|	0
9	|	0
10	|	0
Average access = 1.1111

------TABLE------
0	|	0
1	|	78
2	|	0
3	|	0
4	|	0
5	|	0
6	|	0
7	|	0
8	|	0
9	|	0
10	|	0
Average access = 1.0000

------TABLE------
0	|	0
1	|	26
2	|	0
3	|	0
4	|	0
5	|	0
6	|	0
7	|	0
8	|	0
9	|	0
10	|	0
Average access = 1.2222

------TABLE------
0	|	0
1	|	18
2	|	0
3	|	0
4	|	0
5	|	0
6	|	0
7	|	0
8	|	0
9	|	0
10	|	0
Average access = 1.1111

------TABLE------
0	|	0
1	|	52
2	|	0
3	|	0
4	|	0
5	|	0
6	|	0
7	|	0
8	|	0
9	|	0
10	|	0
Average access = 1.2222

------TABLE------
0	|	0
1	|	49
2	|	0
3	|	0
4	|	0
5	|	0
6	|	0
7	|	0
8	|	0
9	|	0
10	|	0
Average access = 1.1111

------TABLE------
0	|	0
1	|	34
2	|	0
3	|	0
4	|	0
5	|	0
6	|	0
7	|	0
8	|	0
9	|	0
10	|	0
Average access = 1.1111

------TABLE------
0	|	0
1	|	52
2	|	0
3	|	0
4	|	0
5	|	0
6	|	0
7	|	0
8	|	0
9	|	0
10	|	0
Average access = 1.1111

------TABLE------
0	|	0
1	|	75
2	|	0
3	|	0
4	|	0
5	|	0
6	|	0
7	|	0
8	|	0
9	|	0
10	|	0
Average access = 1.0000

------TABLE------
0	|	0
1	|	23
2	|	0
3	|	0
4	|	0
5	|	0
6	|	0
7	|	0
8	|	0
9	|	0
10	|	0
Average access = 1.1111

------TABLE------
0	|	0
1	|	98
2	|	0
3	|	0
4	|	0
5	|	0
6	|	0
7	|	0
8	|	0
9	|	0
10	|	0
Average access = 1.0000

------TABLE------
0	|	0
1	|	56
2	|	0
3	|	0
4	|	0
5	|	0
6	|	0
7	|	0
8	|	0
9	|	0
10	|	0
Average access = 1.0000

------TABLE------
0	|	0
1	|	12
2	|	0
3	|	0
4	|	0
5	|	0
6	|	0
7	|	0
8	|	0
9	|	0
10	|	0
Average access = 1.0000

------TABLE------
0	|	0
1	|	12
2	|	0
3	|	0
4	|	0
5	|	0
6	|	0
7	|	0
8	|	0
9	|	0
10	|	0
Average access = 1.0000

------TABLE------
0	|	0
1	|	45
2	|	0
3	|	0
4	|	0
5	|	0
6	|	0
7	|	0
8	|	0
9	|	0
10	|	0
Average access = 1.1111

------TABLE------
0	|	0
1	|	35
2	|	0
3	|	0
4	|	0
5	|	0
6	|	0
7	|	0
8	|	0
9	|	0
10	|	0
Average access = 1.1111

------TABLE------
0	|	0
1	|	11
2	|	0
3	|	0
4	|	0
5	|	0
6	|	0
7	|	0
8	|	0
9	|	0
10	|	0
Average access = 1.0000

------TABLE------
0	|	0
1	|	37
2	|	0
3	|	0
4	|	0
5	|	0
6	|	0
7	|	0
8	|	0
9	|	0
10	|	0
Average access = 1.1111

------TABLE------
0	|	0
1	|	37
2	|	0
3	|	0
4	|	0
5	|	0
6	|	0
7	|	0
8	|	0
9	|	0
10	|	0
Average access = 1.0000

------TABLE------
0	|	0
1	|	55
2	|	0
3	|	0
4	|	0
5	|	0
6	|	0
7	|	0
8	|	0
9	|	0
10	|	0
Average access = 1.2222

------TABLE------
0	|	0
1	|	47
2	|	0
3	|	0
4	|	0
5	|	0
6	|	0
7	|	0
8	|	0
9	|	0
10	|	0
Average access = 1.2222

------TABLE------
0	|	0
1	|	51
2	|	0
3	|	0
4	|	0
5	|	0
6	|	0
7	|	0
8	|	0
9	|	0
10	|	0
Average access = 1.2222

------TABLE------
0	|	0
1	|	60
2	|	0
3	|	0
4	|	0
5	|	0
6	|	0
7	|	0
8	|	0
9	|	0
10	|	0
Average access = 1.0000

------TABLE------
0	|	0
1	|	54
2	|	0
3	|	0
4	|	0
5	|	0
6	|	0
7	|	0
8	|	0
9	|	0
10	|	0
Average access = 1.2222

------TABLE------
0	|	0
1	|	65
2	|	0
3	|	0
4	|	0
5	|	0
6	|	0
7	|	0
8	|	0
9	|	0
10	|	0
Average access = 1.1111

------TABLE------
0	|	0
1	|	25
2	|	0
3	|	0
4	|	0
5	|	0
6	|	0
7	|	0
8	|	0
9	|	0
10	|	0
Average access = 1.1111

------TABLE------
0	|	0
1	|	53
2	|	0
3	|	0
4	|	0
5	|	0
6	|	0
7	|	0
8	|	0
9	|	0
10	|	0
Average access = 1.1111

------TABLE------
0	|	0
1	|	43
2	|	0
3	|	0
4	|	0
5	|	0
6	|	0
7	|	0
8	|	0
9	|	0
10	|	0
Average access = 1.0000

------TABLE------
0	|	0
1	|	39
2	|	0
3	|	0
4	|	0
5	|	0
6	|	0
7	|	0
8	|	0
9	|	0
10	|	0
Average access = 1.0000

------TABLE------
0	|	0
1	|	67
2	|	0
3	|	0
4	|	0
5	|	0
6	|	0
7	|	0
8	|	0
9	|	0
10	|	0
Average access = 1.1111

------TABLE------
0	|	0
1	|	30
2	|	0
3	|	0
4	|	0
5	|	0
6	|	0
7	|	0
8	|	0
9	|	0
10	|	0
Average access = 1.0000

------TABLE------
0	|	0
1	|	74
2	|	0
3	|	0
4	|	0
5	|	0
6	|	0
7	|	0
8	|	0
9	|	0
10	|	0
Average access = 1.2222

------TABLE------
0	|	0
1	|	96
2	|	0
3	|	0
4	|	0
5	|	0
6	|	0
7	|	0
8	|	0
9	|	0
10	|	0
Average access = 1.1111

------TABLE------
0	|	0
1	|	22
2	|	0
3	|	0
4	|	0
5	|	0
6	|	0
7	|	0
8	|	0
9	|	0
10	|	0
Average access = 1.1111

------TABLE------
0	|	0
1	|	1
2	|	0
3	|	0
4	|	0
5	|	0
6	|	0
7	|	0
8	|	0
9	|	0
10	|	0
Average access = 1.0000

------TABLE------
0	|	0
1	|	64
2	|	0
3	|	0
4	|	0
5	|	0
6	|	0
7	|	0
8	|	0
9	|	0
10	|	0
Average access = 1.1111

------TABLE------
0	|	0
1	|	23
2	|	0
3	|	0
4	|	0
5	|	0
6	|	0
7	|	0
8	|	0
9	|	0
10	|	0
Average access = 1.0000

------TABLE------
0	|	0
1	|	5
2	|	0
3	|	0
4	|	0
5	|	0
6	|	0
7	|	0
8	|	0
9	|	0
10	|	0
Average access = 1.2222

------TABLE------
0	|	0
1	|	18
2	|	0
3	|	0
4	|	0
5	|	0
6	|	0
7	|	0
8	|	0
9	|	0
10	|	0
Average access = 1.1111

------TABLE------
0	|	0
1	|	56
2	|	0
3	|	0
4	|	0
5	|	0
6	|	0
7	|	0
8	|	0
9	|	0
10	|	0
Average access = 1.1111

------TABLE------
0	|	0
1	|	73
2	|	0
3	|	0
4	|	0
5	|	0
6	|	0
7	|	0
8	|	0
9	|	0
10	|	0
Average access = 1.1111

------TABLE------
0	|	0
1	|	85
2	|	0
3	|	0
4	|	0
5	|	0
6	|	0
7	|	0
8	|	0
9	|	0
10	|	0
Average access = 1.1111

------TABLE------
0	|	0
1	|	62
2	|	0
3	|	0
4	|	0
5	|	0
6	|	0
7	|	0
8	|	0
9	|	0
10	|	0
Average access = 1.0000

------TABLE------
0	|	0
1	|	17
2	|	0
3	|	0
4	|	0
5	|	0
6	|	0
7	|	0
8	|	0
9	|	0
10	|	0
Average access = 1.1111

------TABLE------
0	|	0
1	|	74
2	|	0
3	|	0
4	|	0
5	|	0
6	|	0
7	|	0
8	|	0
9	|	0
10	|	0
Average access = 1.1111

------TABLE------
0	|	0
1	|	31
2	|	0
3	|	0
4	|	0
5	|	0
6	|	0
7	|	0
8	|	0
9	|	0
10	|	0
Average access = 1.0000

------TABLE------
0	|	0
1	|	2
2	|	0
3	|	0
4	|	0
5	|	0
6	|	0
7	|	0
8	|	0
9	|	0
10	|	0
Average access = 1.1111

------TABLE------
0	|	0
1	|	66
2	|	0
3	|	0
4	|	0
5	|	0
6	|	0
7	|	0
8	|	0
9	|	0
10	|	0
Average access = 1.0000

------TABLE------
0	|	0
1	|	75
2	|	0
3	|	0
4	|	0
5	|	0
6	|	0
7	|	0
8	|	0
9	|	0
10	|	0
Average access = 1.0000

------TABLE------
0	|	0
1	|	71
2	|	0
3	|	0
4	|	0
5	|	0
6	|	0
7	|	0
8	|	0
9	|	0
10	|	0
Average access = 1.0000

------TABLE------
0	|	0
1	|	4
2	|	0
3	|	0
4	|	0
5	|	0
6	|	0
7	|	0
8	|	0
9	|	0
10	|	0
Average access = 1.2222

------TABLE------
0	|	0
1	|	3
2	|	0
3	|	0
4	|	0
5	|	0
6	|	0
7	|	0
8	|	0
9	|	0
10	|	0
Average access = 1.0000

------TABLE------
0	|	0
1	|	55
2	|	0
3	|	0
4	|	0
5	|	0
6	|	0
7	|	0
8	|	0
9	|	0
10	|	0
Average access = 1.0000

------TABLE------
0	|	0
1	|	58
2	|	0
3	|	0
4	|	0
5	|	0
6	|	0
7	|	0
8	|	0
9	|	0
10	|	0
Average access = 1.1111

------TABLE------
0	|	0
1	|	74
2	|	0
3	|	0
4	|	0
5	|	0
6	|	0
7	|	0
8	|	0
9	|	0
10	|	0
Average access = 1.0000

------TABLE------
0	|	0
1	|	99
2	|	0
3	|	0
4	|	0
5	|	0
6	|	0
7	|	0
8	|	0
9	|	0
10	|	0
Average access = 1.0000

------TABLE------
0	|	0
1	|	88
2	|	0
3	|	0
4	|	0
5	|	0
6	|	0
7	|	0
8	|	0
9	|	0
10	|	0
Average access = 1.0000

------TABLE------
0	|	0
1	|	77
2	|	0
3	|	0
4	|	0
5	|	0
6	|	0
7	|	0
8	|	0
9	|	0
10	|	0
Average access = 1.1111

------TABLE------
0	|	0
1	|	97
2	|	0
3	|	0
4	|	0
5	|	0
6	|	0
7	|	0
8	|	0
9	|	0
10	|	0
Average access = 1.3333

------TABLE------
0	|	0
1	|	56
2	|	0
3	|	0
4	|	0
5	|	0
6	|	0
7	|	0
8	|	0
9	|	0
10	|	0
Average access = 1.1111

------TABLE------
0	|	0
1	|	55
2	|	0
3	|	0
4	|	0
5	|	0
6	|	0
7	|	0
8	|	0
9	|	0
10	|	0
Average access = 1.0000

------TABLE------
0	|	0
1	|	72
2	|	0
3	|	0
4	|	0
5	|	0
6	|	0
7	|	0
8	|	0
9	|	0
10	|	0
Average access = 1.1111

------TABLE------
0	|	0
1	|	99
2	|	0
3	|	0
4	|	0
5	|	0
6	|	0
7	|	0
8	|	0
9	|	0
10	|	0
Average access = 1.1111

Total average = 9.6900
